video1_0004_jpg.rf.d6b13fc84fbe008b3f4ff6ad615d1c37.jpg NA NA NA NA
video1_0005_jpg.rf.8a7ccfb18a8785b1c71f6d6b97d1fe68.jpg NA NA NA NA
video1_0006_jpg.rf.d31fc9ea89aee5d74a49986362879bf8.jpg NA NA NA NA
video1_0007_jpg.rf.7cea0a9650b567a9e93b23cd0cf6b7df.jpg 0.444965 0.318750 0.030000 0.030000
video1_0008_jpg.rf.2499db648e0b900849ac9e4487b87fe2.jpg 0.454333 0.318750 0.030000 0.030000
video1_0009_jpg.rf.cc8084faed75900e82c2eb97a35ed365.jpg 0.469555 0.322917 0.030000 0.030000
video1_0010_jpg.rf.e42bbf1e06498cac75d4b5334740fee4.jpg 0.481265 0.329167 0.030000 0.030000
video1_0011_jpg.rf.542a69e55a2873e5ba4cd223cb50e09a.jpg 0.494145 0.335417 0.030000 0.030000
video1_0012_jpg.rf.7749ef44e190aba197d617227c70f25b.jpg 0.512881 0.341667 0.030000 0.030000
video1_0013_jpg.rf.4df346d70fd8608a7ecc9f8213242ec1.jpg 0.532787 0.358333 0.030000 0.030000
video1_0014_jpg.rf.1a118304a2fbfb9512323482bb4ef4ce.jpg 0.552693 0.370833 0.030000 0.030000
video1_0015_jpg.rf.cc42564df6b4428ea5fbb0d9ce6b9ccc.jpg 0.556206 0.377083 0.030000 0.030000
video1_0016_jpg.rf.8522a96fd5c67af7efc146ac3f3b05a6.jpg 0.596019 0.416667 0.030000 0.030000
video1_0017_jpg.rf.a097fd0151c6b10c3a6c2f659f7d1040.jpg NA NA NA NA
video1_0018_jpg.rf.4a1102fc894aa01f01263be3085dcd3e.jpg 0.652225 0.470833 0.030000 0.030000
video1_0019_jpg.rf.ff662474be3e37589c47477e640efb5b.jpg 0.682670 0.512500 0.030000 0.030000
video1_0020_jpg.rf.71a273b584c671f5e09747daa9865367.jpg NA NA NA NA
video1_0021_jpg.rf.a9575ab16f104b0823d2148198a92080.jpg 0.948478 0.570833 0.030000 0.030000
video1_0022_jpg.rf.e4bd5b59aa216bb2e43ee28236763c69.jpg NA NA NA NA
video1_0023_jpg.rf.74097700735c796ccb7468260884c7ac.jpg NA NA NA NA
video1_0024_jpg.rf.050e9276cabb53bd78aecbbd064bce61.jpg NA NA NA NA
video1_0025_jpg.rf.e52bc13ac2abdb6e1e1eced5d1677cc8.jpg 0.925059 0.610417 0.030000 0.030000
video1_0026_jpg.rf.bb2b73847cb298c9ba019fd2cfc4d232.jpg NA NA NA NA
video1_0027_jpg.rf.40ceec3cb88b8d30f5f486e7c11b5bc9.jpg NA NA NA NA
video1_0028_jpg.rf.3b48b89df5bd72653ff3f8a32c8b872d.jpg NA NA NA NA
video1_0029_jpg.rf.ea2201b7f99e034807c86355e2abe35d.jpg NA NA NA NA
video1_0030_jpg.rf.361c065f82bdb873a93379c0e2b0e7a2.jpg NA NA NA NA
video1_0031_jpg.rf.d1d1ca9d78ca2c93bd8f2b560b766541.jpg NA NA NA NA
video1_0032_jpg.rf.8658c5ece1536f21938f35a51ab23083.jpg NA NA NA NA
video1_0033_jpg.rf.30c2d1ae68b26e1a25793891e156e2eb.jpg NA NA NA NA
video1_0034_jpg.rf.7c76827b704348a692a70a8fae2c4df3.jpg NA NA NA NA
video1_0035_jpg.rf.65a4cd028eb0c7c50e7b8c2661695cc3.jpg NA NA NA NA
video1_0036_jpg.rf.91a27039b9160092629a8f5d50ddf8f1.jpg NA NA NA NA
video1_0037_jpg.rf.ebca2f99c18951f720a4d40fb325247f.jpg NA NA NA NA
video1_0038_jpg.rf.6fc4d50041eab41e33de204694c46dc8.jpg NA NA NA NA
video1_0039_jpg.rf.b4a86d74fc80b9d3ae5c7330145c882c.jpg NA NA NA NA
video1_0040_jpg.rf.21869001685ac2be652bf68f85cca5a6.jpg NA NA NA NA
video1_0041_jpg.rf.a4e8a63688634de1103a8dba19e5855d.jpg NA NA NA NA
video1_0042_jpg.rf.ea77aafd76b0cfca4be493fc7a850a96.jpg NA NA NA NA
video1_0043_jpg.rf.216e0ff8910cf65763b20d23ce31e3d7.jpg NA NA NA NA
video1_0044_jpg.rf.813165f80652baea2bb5fc08d2145a1a.jpg NA NA NA NA
video1_0045_jpg.rf.668834cf922b42135316648dea9b2acd.jpg NA NA NA NA
video1_0046_jpg.rf.8ee257e1692eb21e5da01e30e29f0b9f.jpg NA NA NA NA
video1_0047_jpg.rf.fb89c9395b0b20dbd64a0f3be95474f2.jpg NA NA NA NA
video1_0048_jpg.rf.1c296d26e9b460a1301242d9f81b42f1.jpg NA NA NA NA
video1_0049_jpg.rf.84e972e4cafe177a9ac3855a0b8ff8a0.jpg NA NA NA NA
video1_0050_jpg.rf.8b841bc9f4773b378fe7ff5c46647066.jpg NA NA NA NA
video1_0051_jpg.rf.fd0058bf3e1f0fb329f29cd13b01cc49.jpg NA NA NA NA
video1_0052_jpg.rf.81ec761f3fcaa0ac0ae67b3e04d38721.jpg NA NA NA NA
video1_0053_jpg.rf.c78da6f38c755ebf5f8feea5b035e50d.jpg NA NA NA NA
video1_0054_jpg.rf.1e0b7fc7890718c807c1c3109397bd9e.jpg NA NA NA NA
video1_0055_jpg.rf.c6edf0b793071f632ef5a0c93b7bc029.jpg NA NA NA NA
video1_0057_jpg.rf.ae86d6fc4af7dcb151c1e601536ca8cc.jpg NA NA NA NA
video1_0058_jpg.rf.f8187d7aef464b08a16a6cf69f4747b8.jpg NA NA NA NA
video1_0059_jpg.rf.041b2ea8d00b84f0ce6f707da32e3199.jpg NA NA NA NA
video1_0060_jpg.rf.76ea445f0cd5d6127b67dd70df82b175.jpg NA NA NA NA
video1_0061_jpg.rf.1e871e1c28cf3d651f16e4d2ab3d25c9.jpg NA NA NA NA
video1_0062_jpg.rf.df930f68609c89fb63a2ccce527d512f.jpg NA NA NA NA
video1_0064_jpg.rf.decf925f4bb459b711f2ce7e42ba9c43.jpg NA NA NA NA
video1_0065_jpg.rf.f0bf6c7c1732719f6244b0830543f7f9.jpg NA NA NA NA
video1_0066_jpg.rf.eb4430b71c07cff03a89c9ad842d637f.jpg NA NA NA NA
video1_0067_jpg.rf.9a60c9dfb2ba7add470529924b75df61.jpg NA NA NA NA
video1_0068_jpg.rf.be7d8a4228c3ecc76bac72a4599e8a6e.jpg 0.346604 0.318750 0.030000 0.030000
video1_0069_jpg.rf.54b8566b3c6b4732b3db91a83500c2e8.jpg NA NA NA NA
video1_0070_jpg.rf.6c67ab80ee93377392bd3f6782d9950a.jpg 0.403981 0.316667 0.030000 0.030000
video1_0071_jpg.rf.020238b3547a6376670135d4af464e94.jpg 0.422717 0.318750 0.030000 0.030000
video1_0072_jpg.rf.74ce8dabf9a03b71f9445d8adae41d2c.jpg 0.439110 0.316667 0.030000 0.030000
video1_0073_jpg.rf.dc6aa7f1a63e0e83d2e1ad658abcb422.jpg 0.451991 0.316667 0.030000 0.030000
video1_0074_jpg.rf.b5833785694a04128aa3d22878534454.jpg 0.468384 0.322917 0.030000 0.030000
video1_0075_jpg.rf.5006da139d28262b66ef3f048b3366bb.jpg 0.480094 0.325000 0.030000 0.030000
video1_0076_jpg.rf.75af52239e89e15d6fc8d8250e986bed.jpg 0.487119 0.329167 0.030000 0.030000
video1_0077_jpg.rf.d2017d8620af465b59c187a1032fe2a4.jpg 0.501171 0.337500 0.030000 0.030000
video1_0078_jpg.rf.5970c878f8e6579ae2a4a83e010e9cfe.jpg 0.509368 0.343750 0.030000 0.030000
video1_0079_jpg.rf.e1012c701e4c9b4a25ba334cea587abf.jpg 0.514052 0.345833 0.030000 0.030000
video1_0080_jpg.rf.29be066f1a1e9397dfc6fcfa9a0586f3.jpg 0.524590 0.358333 0.030000 0.030000
video1_0081_jpg.rf.6cef7f510a0cdf26c767c80d5bd53667.jpg 0.529274 0.360417 0.030000 0.030000
video1_0082_jpg.rf.a8186d97822545ab5d59158b431024ea.jpg 0.529274 0.358333 0.030000 0.030000
video1_0083_jpg.rf.865e1f2671d0fc46fed844044d0e1be8.jpg 0.544496 0.377083 0.030000 0.030000
video1_0088_jpg.rf.a1f437046898391d84f6b77fe65e1b61.jpg NA NA NA NA
video1_0090_jpg.rf.70176639551fff889c1483ab346ae19d.jpg NA NA NA NA
video1_0091_jpg.rf.3ccb232e514fa4d41a4314aff2142ed5.jpg NA NA NA NA
video1_0092_jpg.rf.f175142f24468719b59846fc16d1ade9.jpg 0.560890 0.354167 0.030000 0.030000
video1_0093_jpg.rf.d9367431a107c2d3549aef1c1595322b.jpg NA NA NA NA
video1_0094_jpg.rf.63dd20698cd29195278c7598f68d4245.jpg 0.560890 0.337500 0.030000 0.030000
video1_0095_jpg.rf.cba415dacd2b9c5a63ce02461d0e6a26.jpg 0.559719 0.333333 0.030000 0.030000
video1_0096_jpg.rf.51f73aaaf868179da2103021fbc83445.jpg 0.559719 0.327083 0.030000 0.030000
video1_0097_jpg.rf.bf52cd382a36e6d547f50a1127f87e2c.jpg 0.558548 0.325000 0.030000 0.030000
video1_0098_jpg.rf.f3b4e96ac84260ffb92838c52899c6dd.jpg 0.558548 0.318750 0.030000 0.030000
video1_0099_jpg.rf.3f40958bfcdec5e306360fc78eab76e8.jpg 0.556206 0.316667 0.030000 0.030000
video1_0100_jpg.rf.e5d8723181cf7c7ff89d140509de03cc.jpg 0.555035 0.318750 0.030000 0.030000
video1_0101_jpg.rf.c03053a92f99edfdc9d6c641d36ec6c8.jpg 0.553864 0.320833 0.030000 0.030000
video1_0102_jpg.rf.91b00e384cd9ad063f40c692e098c20a.jpg 0.555035 0.318750 0.030000 0.030000
video1_0103_jpg.rf.3639035e886491097ba1960e7a770f6d.jpg 0.555035 0.316667 0.030000 0.030000
video1_0104_jpg.rf.8e5f1417f11ab675551f1d8504f2307b.jpg NA NA NA NA
video1_0105_jpg.rf.9a6d30accdf5f58ab4cf5d3cc92d2484.jpg 0.299766 0.468750 0.030000 0.030000
video1_0106_jpg.rf.416c80a2b556089ab3a16f13b7c1ff2d.jpg 0.552693 0.325000 0.030000 0.030000
video1_0107_jpg.rf.a30bf2cd574cef4ee7a3fda0182bd24e.jpg 0.322014 0.468750 0.030000 0.030000
video1_0108_jpg.rf.91d27d90b2cd60496efef140d889a8f0.jpg 0.553864 0.339583 0.030000 0.030000
video1_0109_jpg.rf.45fd75e99f25dc46f7116140bf240ce8.jpg 0.552693 0.347917 0.030000 0.030000
video1_0110_jpg.rf.1f8906b1e189dc982d869778afee266e.jpg 0.552693 0.358333 0.030000 0.030000
video1_0111_jpg.rf.22fe738961b33bd2e1376b573ae79b9e.jpg 0.551522 0.368750 0.030000 0.030000
video1_0112_jpg.rf.0c761571716a634e658c29b80d5571fc.jpg 0.551522 0.381250 0.030000 0.030000
video1_0113_jpg.rf.0fddb211ccef403a8694f8e12a83216f.jpg 0.550351 0.397917 0.030000 0.030000
video1_0114_jpg.rf.e6b8327946945b65b748ed93c2840346.jpg 0.551522 0.412500 0.030000 0.030000
video1_0115_jpg.rf.a5a7bfcf93c1d6e9a2dd6e6e55e4c9b1.jpg 0.549180 0.439583 0.030000 0.030000
video1_0116_jpg.rf.b9f9dad4738f833fb6f2bada84e877f4.jpg 0.550351 0.460417 0.030000 0.030000
video1_0117_jpg.rf.7a5be40372a77f91e1b078734889e72d.jpg 0.549180 0.491667 0.030000 0.030000
video1_0118_jpg.rf.e844a45530da89c33b7e79909385043d.jpg 0.550351 0.522917 0.030000 0.030000
video1_0119_jpg.rf.3b4557ed2347d66511712f0e4d244c4d.jpg 0.550351 0.556250 0.030000 0.030000
video1_0120_jpg.rf.409cecacbb4f7dafe1748d2e601abf0d.jpg 0.550351 0.579167 0.030000 0.030000
video1_0121_jpg.rf.bb750be9f17236be0a2ec79ca6f23309.jpg 0.549180 0.575000 0.030000 0.030000
video1_0122_jpg.rf.7204e2d2ac7622358fea6e53912c3903.jpg 0.549180 0.566667 0.030000 0.030000
video1_0123_jpg.rf.ead21f28a7afaa8bde22196cfb750595.jpg 0.550351 0.547917 0.030000 0.030000
video1_0124_jpg.rf.0a051e2482e65336a97bc456e8d68773.jpg 0.550351 0.537500 0.030000 0.030000
video1_0125_jpg.rf.5bb04f8d3b04e873af6a174c4c5e9775.jpg 0.550351 0.531250 0.030000 0.030000
video1_0126_jpg.rf.d1c8585081584f50c1c9f4499b6ccc62.jpg 0.552693 0.525000 0.030000 0.030000
video1_0127_jpg.rf.65459b3ede0c7690c35109cf682df1e5.jpg 0.556206 0.520833 0.030000 0.030000
video2_0004_jpg.rf.5d072d994eb258c5b268311404a67cfd.jpg NA NA NA NA
video2_0005_jpg.rf.a70300a6ca2b432f4ed451504e4e3a19.jpg NA NA NA NA
video2_0006_jpg.rf.ead1fbc28d3050688d343a9f64b825ee.jpg NA NA NA NA
video2_0007_jpg.rf.8e9324c8453b7de0557f64611cba0e51.jpg NA NA NA NA
video2_0008_jpg.rf.afb712a09cf2e4feb326818ca2cf51fa.jpg NA NA NA NA
video2_0009_jpg.rf.79fb42fc2474baae493ac1348c71d1d2.jpg NA NA NA NA
video2_0010_jpg.rf.4234a1d0714f7fc5ed4c196ce7821462.jpg NA NA NA NA
video2_0011_jpg.rf.022fb6cdcfc45a521dacae5e2fc653d0.jpg 0.446354 0.006481 0.030000 0.030000
video2_0012_jpg.rf.6e989ca8147739795f16009aeb742928.jpg 0.447917 0.009259 0.030000 0.030000
video2_0013_jpg.rf.a1075b5a01562715aace529adeec2d18.jpg 0.447917 0.013889 0.030000 0.030000
video2_0014_jpg.rf.2c71ac05cce8e5cb52c7d37802e80667.jpg 0.447917 0.015741 0.030000 0.030000
video2_0015_jpg.rf.70434e1db05227ee72cbc0fa075fa2be.jpg 0.448958 0.025000 0.030000 0.030000
video2_0016_jpg.rf.e0d1b4f3975d755e987a92d56250bab9.jpg 0.448958 0.041667 0.030000 0.030000
video2_0017_jpg.rf.4cde5e1062a807ef55c866f6c0728358.jpg 0.455729 0.048148 0.030000 0.030000
video2_0018_jpg.rf.c72613efe318c346f7f9e65b0b5b9672.jpg 0.466146 0.064815 0.030000 0.030000
video2_0019_jpg.rf.16bf0aad414293f65d2912c88e053f8f.jpg 0.473958 0.085185 0.030000 0.030000
video2_0020_jpg.rf.258decdc0ea467621ace576ca3b5d9b9.jpg 0.482812 0.112963 0.030000 0.030000
video2_0021_jpg.rf.42e996ed316caa0fa0a7ba260542d42d.jpg 0.490625 0.134259 0.030000 0.030000
video2_0022_jpg.rf.f7002ae9d1e02a2837dc527662f4a96b.jpg 0.501042 0.163889 0.030000 0.030000
video2_0023_jpg.rf.dd18dea8da121ae10cea8daa05fa20da.jpg 0.513021 0.199074 0.030000 0.030000
video2_0024_jpg.rf.f4842ffb40e770f5caf7e9e63b39cfd3.jpg 0.524479 0.236111 0.030000 0.030000
video2_0025_jpg.rf.100134e2ccaaed9f37553e82c5894737.jpg 0.536458 0.273148 0.030000 0.030000
video2_0026_jpg.rf.72ae2b1237edc0c32adde8cfcbe99fa6.jpg 0.552083 0.328704 0.030000 0.030000
video2_0027_jpg.rf.452eb1084649f079e3157476f0204f09.jpg 0.566146 0.384259 0.030000 0.030000
video2_0028_jpg.rf.81b02e1a2fa8103747f3195cbb3aed89.jpg 0.579167 0.400000 0.030000 0.030000
video2_0029_jpg.rf.17f3269fb5e32bcf93726b777eeff5a7.jpg 0.591146 0.400000 0.030000 0.030000
video2_0030_jpg.rf.100c5428fc51ada2179e7a75c3d1ab2a.jpg 0.607812 0.402778 0.030000 0.030000
video2_0031_jpg.rf.a7c39944b8bd229bbf79e2b51c292c93.jpg 0.622396 0.402778 0.030000 0.030000
video2_0032_jpg.rf.05bbed958c5c35ed806970c0d08df941.jpg 0.641667 0.412037 0.030000 0.030000
video2_0033_jpg.rf.24f88b6054250bd96aded324f4241691.jpg 0.662500 0.425926 0.030000 0.030000
video2_0034_jpg.rf.f89fa771b79f38c19ce39e594b07e1bd.jpg 0.683333 0.437037 0.030000 0.030000
video2_0035_jpg.rf.4f96f722cb3d127d2f1ade7b5400f5e7.jpg 0.708333 0.458333 0.030000 0.030000
video2_0036_jpg.rf.7713636d4b603c119c202d77049e3246.jpg 0.735417 0.483333 0.030000 0.030000
video2_0037_jpg.rf.96f06188fba20db46c2b0de4a3f44aac.jpg 0.769271 0.523148 0.030000 0.030000
video2_0038_jpg.rf.e6b61651f3e06c97d704777c338e4d67.jpg 0.807292 0.569444 0.030000 0.030000
video2_0039_jpg.rf.716d6fa745da239ad13f23522f70c847.jpg 0.851562 0.625000 0.030000 0.030000
video2_0040_jpg.rf.79ee8e51bd81800cb3e2e95a441c444c.jpg NA NA NA NA
video2_0041_jpg.rf.4dc748d25fb70d46850a84ca966efb10.jpg 0.843750 0.569444 0.030000 0.030000
video2_0042_jpg.rf.e84ce20b32d2f1f957328f68f402ca77.jpg 0.807292 0.474074 0.030000 0.030000
video2_0043_jpg.rf.0bbfc1584bb2a59d44fa8df7cc85f8ea.jpg 0.773438 0.398148 0.030000 0.030000
video2_0044_jpg.rf.160c39dec1b03ccd4390d25498f2a7d7.jpg 0.744792 0.330556 0.030000 0.030000
video2_0045_jpg.rf.2246c3b86615807a7749a76c10ca076a.jpg 0.719792 0.279630 0.030000 0.030000
video2_0046_jpg.rf.f815bb251b7357a53dc2aa871f786f45.jpg 0.696354 0.226852 0.030000 0.030000
video2_0047_jpg.rf.337fc62ecfca5539648ac7d01d7ef89b.jpg 0.675521 0.189815 0.030000 0.030000
video2_0048_jpg.rf.845ba74aa62fe5ee9cc32a8d70e43f94.jpg 0.659896 0.159259 0.030000 0.030000
video2_0049_jpg.rf.5d3b35d872122d0dd1443cbf216bb34b.jpg 0.644271 0.131481 0.030000 0.030000
video2_0050_jpg.rf.5a0f42af83b83744986319de48a4304b.jpg 0.628646 0.108333 0.030000 0.030000
video2_0051_jpg.rf.97480e09e29f8ce8f0b747fd56589227.jpg 0.618229 0.087963 0.030000 0.030000
video2_0052_jpg.rf.2e6da1066905f29d542f0444732aa251.jpg 0.606771 0.075926 0.030000 0.030000
video2_0053_jpg.rf.d299fb8dbccef0cc2b139f18d0f85652.jpg 0.596354 0.060185 0.030000 0.030000
video2_0054_jpg.rf.062c6222680ae12a3348843d5f200fda.jpg 0.586979 0.055556 0.030000 0.030000
video2_0055_jpg.rf.77a3d49dc847f366144d3dc7a0cf8e8e.jpg 0.578125 0.041667 0.030000 0.030000
video2_0056_jpg.rf.6b2dc45861b5233a39d9451101656691.jpg 0.568750 0.038889 0.030000 0.030000
video2_0057_jpg.rf.d175a15337b5f771e0b975281423758f.jpg 0.565104 0.032407 0.030000 0.030000
video2_0058_jpg.rf.a952ad4f2d12515e5d8a8742cc06cb09.jpg 0.557292 0.029630 0.030000 0.030000
video2_0059_jpg.rf.51482b5ad7bbbd9872c82978f7829cde.jpg 0.550521 0.029630 0.030000 0.030000
video2_0060_jpg.rf.e580c5875d4b0345093292737a6989b1.jpg 0.546875 0.029630 0.030000 0.030000
video2_0061_jpg.rf.e6477cadcc82f2100e0bd468551759c1.jpg 0.542708 0.032407 0.030000 0.030000
video2_0062_jpg.rf.c4f01c322cabdb442b93ce347d4cadad.jpg 0.534896 0.037037 0.030000 0.030000
video2_0063_jpg.rf.518d7f8ffcd2499a6a6d42631a2a69ce.jpg 0.529687 0.038889 0.030000 0.030000
video2_0064_jpg.rf.d8270cd226340fd9ca510ad37e7143d6.jpg 0.528646 0.048148 0.030000 0.030000
video2_0065_jpg.rf.e68968fa569aae6740b669f7623c78bb.jpg 0.527083 0.052778 0.030000 0.030000
video2_0066_jpg.rf.0cccec7a843924a134764192bf937436.jpg 0.527083 0.052778 0.030000 0.030000
video2_0067_jpg.rf.702d09e55550f888c4c16ff93187c879.jpg 0.447917 0.099074 0.030000 0.030000
video2_0068_jpg.rf.1a2cf4d7ce9934cabfcab9b69b4b61ca.jpg 0.446354 0.089815 0.030000 0.030000
video2_0069_jpg.rf.577a3ccfbd6b55e7eff02542db72ebe9.jpg 0.446354 0.078704 0.030000 0.030000
video2_0070_jpg.rf.976b2e2ae54897add7f4320a42a4952d.jpg 0.446354 0.069444 0.030000 0.030000
video2_0071_jpg.rf.6d45b1e9885ab60eeca12a696759ad4a.jpg 0.445312 0.060185 0.030000 0.030000
video2_0072_jpg.rf.7c9beea1ca87d41a3765ccae2ebf534e.jpg 0.447917 0.055556 0.030000 0.030000
video2_0073_jpg.rf.23d5445b3aea2371c1b25574f6128662.jpg 0.446354 0.046296 0.030000 0.030000
video2_0074_jpg.rf.bccecb8d35c6a574213aec95fa07d3e0.jpg 0.446354 0.041667 0.030000 0.030000
video2_0075_jpg.rf.e30cc78246941d0c4f49897bfeee7cfa.jpg 0.446354 0.038889 0.030000 0.030000
video2_0076_jpg.rf.3e0f801dfca90c460b537827023a396e.jpg 0.446354 0.029630 0.030000 0.030000
video2_0077_jpg.rf.4d0c6e613c364f93b20c8159906aec6a.jpg 0.445312 0.027778 0.030000 0.030000
video2_0078_jpg.rf.db5025ac1e96ddabaea5f2d9ce1f24e0.jpg 0.446354 0.020370 0.030000 0.030000
video2_0079_jpg.rf.744ae16c4a0eee0f7361ee24076a0d8a.jpg 0.445312 0.020370 0.030000 0.030000
video2_0080_jpg.rf.2b9e607bcacbd7f15d8f4a6d7df973f9.jpg 0.443750 0.020370 0.030000 0.030000
video2_0081_jpg.rf.ceb53169b2a0b35622658da6628f2d12.jpg 0.445312 0.023148 0.030000 0.030000
video2_0082_jpg.rf.bafa954d2ab780cf67e16c21f1ba47bb.jpg 0.445312 0.020370 0.030000 0.030000
video2_0083_jpg.rf.11975672613b5300dae5ab2606480a6f.jpg 0.445312 0.025000 0.030000 0.030000
video2_0084_jpg.rf.0b2cd02eb71140ef40dcd5cc44bee432.jpg 0.445312 0.027778 0.030000 0.030000
video2_0085_jpg.rf.151b38d62a4658bcff41a9e7df039d0a.jpg 0.445312 0.029630 0.030000 0.030000
video2_0086_jpg.rf.5871315a2e3bfb9ea5109c9b28b45d14.jpg 0.445312 0.037037 0.030000 0.030000
video2_0087_jpg.rf.db3568914693f5e565c1b6fa37e64839.jpg 0.443750 0.041667 0.030000 0.030000
video2_0088_jpg.rf.88f27c17882277bb08a400afc94b026c.jpg 0.445312 0.048148 0.030000 0.030000
video2_0089_jpg.rf.31fafa60713c0422e569a7e43f5b42e5.jpg 0.445312 0.055556 0.030000 0.030000
video2_0090_jpg.rf.2047bb7c99300487f3ca713f3d3feb69.jpg 0.445312 0.062037 0.030000 0.030000
video2_0091_jpg.rf.9fc68de55bc5e95c74cfb59ad333e77e.jpg 0.445312 0.066667 0.030000 0.030000
video2_0092_jpg.rf.d84c3addf5fbc54d62cedcf06237f8fc.jpg 0.446354 0.087963 0.030000 0.030000
video2_0093_jpg.rf.5fd9dc5d7abafdf50b01f3a05a9547e2.jpg 0.453125 0.069444 0.030000 0.030000
video2_0094_jpg.rf.6cd8a755a0556a3493125515a205b78e.jpg 0.458333 0.069444 0.030000 0.030000
video2_0095_jpg.rf.7108a1859d206351cb0dcc351b9c566d.jpg 0.463542 0.069444 0.030000 0.030000
video2_0096_jpg.rf.559f1ead6431b77be721a3884a7fe49b.jpg 0.469792 0.071296 0.030000 0.030000
video2_0097_jpg.rf.7befac9989bb1227e9cea0b3bbedd3c8.jpg 0.476562 0.074074 0.030000 0.030000
video2_0098_jpg.rf.8892a220e45d0418ea3d38fd77fa7fd9.jpg 0.480208 0.080556 0.030000 0.030000
video2_0099_jpg.rf.9d6fa94420dd955f64aaac7c1ff6333a.jpg 0.486979 0.087963 0.030000 0.030000
video2_0100_jpg.rf.b0a68801d0e594ed78914c63dcbb2dd6.jpg 0.493229 0.092593 0.030000 0.030000
video2_0101_jpg.rf.550ac7a6cf0a3105391246c4ce830d70.jpg 0.501042 0.106481 0.030000 0.030000
video2_0102_jpg.rf.ec800e9fc1e5a68c264a3885f868a063.jpg 0.508854 0.112963 0.030000 0.030000
video2_0103_jpg.rf.958729ef95ea61efebd1e47c6036183a.jpg 0.515625 0.122222 0.030000 0.030000
video2_0104_jpg.rf.c9f4eb0ca2f5b74ba335bca1260903bf.jpg 0.524479 0.140741 0.030000 0.030000
video2_0105_jpg.rf.71f103b46827368965de72d52de89343.jpg 0.536458 0.159259 0.030000 0.030000
video2_0106_jpg.rf.3b5d5c14c613e55a1644255a05ef7248.jpg 0.545312 0.175926 0.030000 0.030000
video2_0107_jpg.rf.ad6aebf056cb509e19a95be36d74d770.jpg 0.555729 0.196296 0.030000 0.030000
video2_0108_jpg.rf.e72bee313b7c856f050327ffd567b187.jpg 0.567708 0.222222 0.030000 0.030000
video2_0109_jpg.rf.fba2f47b1e7e22bfb0af6c67439228c4.jpg 0.579167 0.247222 0.030000 0.030000
video2_0110_jpg.rf.1e493255dc2ac36a6c1813449c5163d9.jpg 0.593750 0.275000 0.030000 0.030000
video2_0111_jpg.rf.d536e97bccb9f78f7c3e6404dc4582b3.jpg 0.605208 0.310185 0.030000 0.030000
video2_0112_jpg.rf.541321fb6033e15b23b9c534a4df912a.jpg 0.619792 0.342593 0.030000 0.030000
video2_0113_jpg.rf.59ca3d58b0ca3a36bbe49fda96411a53.jpg 0.632812 0.384259 0.030000 0.030000
video2_0114_jpg.rf.db9ea8c973e37eea7db7045641661870.jpg 0.649479 0.418519 0.030000 0.030000
video2_0115_jpg.rf.81b138eeca19e9bc109e891f7968145f.jpg 0.657292 0.412037 0.030000 0.030000
video2_0116_jpg.rf.8134f03306a33c54ffef889885855d59.jpg 0.667708 0.398148 0.030000 0.030000
video2_0117_jpg.rf.f454eba774e321712e370a646d92159d.jpg 0.679688 0.386111 0.030000 0.030000
video2_0118_jpg.rf.c749afb66b0f7e5cfb3cb80bb556b4c8.jpg 0.688542 0.379630 0.030000 0.030000
video2_0119_jpg.rf.2645c779b34c2d101f63c621424054df.jpg 0.700521 0.372222 0.030000 0.030000
video2_0120_jpg.rf.cb3cf8050600b34d96e7f053250291f2.jpg 0.713542 0.365741 0.030000 0.030000
video2_0121_jpg.rf.8a93458352bd7f833d98e1945dc28aae.jpg 0.725000 0.362963 0.030000 0.030000
video2_0122_jpg.rf.b56a0f86e5c7ead91d1181c4c255f2d1.jpg 0.739583 0.362963 0.030000 0.030000
video2_0123_jpg.rf.f1afc4c919c1c78b2eba0d1031885727.jpg 0.751042 0.362963 0.030000 0.030000
video2_0124_jpg.rf.e6a39c7900c6c4b5c3c9d40805b4749e.jpg 0.764062 0.367593 0.030000 0.030000
video2_0125_jpg.rf.65e9859ca3c43b453a21691f5115145e.jpg 0.778646 0.370370 0.030000 0.030000
video2_0126_jpg.rf.d26e924c2e06056caea57adb6ced9b7f.jpg 0.794271 0.381481 0.030000 0.030000
video2_0127_jpg.rf.d59c4267c8691afe3167d48036e285ac.jpg 0.807292 0.386111 0.030000 0.030000
video2_0128_jpg.rf.2de24c8ddb3a358315f36c5a3d1ed708.jpg NA NA NA NA
video2_0133_jpg.rf.3b56c5bff3233f12fc5e9a7e42ebf363.jpg NA NA NA NA
video2_0134_jpg.rf.0058d9fa67f36d09bab1ad9e5fd215a7.jpg NA NA NA NA
video2_0135_jpg.rf.e51f0f600aa75dd0aef84a5932792a72.jpg NA NA NA NA
video2_0136_jpg.rf.89eba9eb7df9e016a5eb08f032f707ef.jpg NA NA NA NA
video2_0137_jpg.rf.254d1f8a8cf0cc6e734fdd9af550c026.jpg 0.440104 0.157407 0.030000 0.030000
video2_0138_jpg.rf.e81e44d41f3d9226a0b41217ad58ceef.jpg 0.430729 0.163889 0.030000 0.030000
video2_0139_jpg.rf.26b99af8b15d52b7067f63a7b01468d2.jpg NA NA NA NA
video2_0140_jpg.rf.45c16f05175a839c1646233a188717f3.jpg NA NA NA NA
video2_0141_jpg.rf.a0881386d678fe4249a1f3d10df4561f.jpg NA NA NA NA
video2_0142_jpg.rf.0bdba957dc4260ea9bb8ef6495b62604.jpg NA NA NA NA
video2_0143_jpg.rf.8869af0f30b3e5da359bfe82ae6e5074.jpg NA NA NA NA
video2_0144_jpg.rf.7655756818882139c4dd0f2c7ff6c313.jpg NA NA NA NA
video2_0145_jpg.rf.67513541a40862d275b4c49784cf728c.jpg NA NA NA NA
video2_0146_jpg.rf.6f2904ff690f32d9f07dce5291f4be47.jpg NA NA NA NA
video2_0147_jpg.rf.eaffa481f7ef7599b3bc7df319b3bb45.jpg NA NA NA NA
video2_0148_jpg.rf.d6c500f16ed4b67307460cadad9ef841.jpg NA NA NA NA
video2_0149_jpg.rf.39bbb9a9f88d7e93d69987a87abdae3d.jpg NA NA NA NA
video2_0150_jpg.rf.8e9dc1ac27ba40a67a472687ef26f204.jpg NA NA NA NA
video2_0151_jpg.rf.5282a2a785a694b35365324bb1b32f06.jpg NA NA NA NA
video2_0152_jpg.rf.e6a6079749996a88242f4c329af511a1.jpg NA NA NA NA
video2_0153_jpg.rf.a88da315da36f9f209f8d5fb18e3da2c.jpg NA NA NA NA
video2_0154_jpg.rf.cd915fe2e220481c8a381863be9b36cc.jpg 0.433333 0.129630 0.030000 0.030000
video2_0155_jpg.rf.588e173d411c449490db3f95c8119bcd.jpg 0.430729 0.117593 0.030000 0.030000
video2_0156_jpg.rf.ca78857be0f2d1f08a0dd9c735a34200.jpg 0.430729 0.101852 0.030000 0.030000
video2_0157_jpg.rf.843a2baadec9a5b5f8f0d9203051365a.jpg 0.432292 0.087963 0.030000 0.030000
video2_0158_jpg.rf.ab4a4d0c7e40a7c07fcb710f00345fb9.jpg 0.432292 0.078704 0.030000 0.030000
video2_0159_jpg.rf.42a1b65afa5fe3a3dbb9621e9b305514.jpg 0.434896 0.066667 0.030000 0.030000
video2_0160_jpg.rf.1e106b6e7a2a41f6404fcf2a31cd6f9d.jpg 0.433333 0.055556 0.030000 0.030000
video2_0161_jpg.rf.bf73ce7056e6341009738e8c4347e6b9.jpg 0.434896 0.041667 0.030000 0.030000
video2_0162_jpg.rf.6219c71b61eb0fc93a79f494644bb3b5.jpg 0.434896 0.029630 0.030000 0.030000
video2_0163_jpg.rf.0f993df83e1608e9d711356383d994e5.jpg 0.435937 0.025000 0.030000 0.030000
video2_0164_jpg.rf.3748a55a7a7d78cc6a7fd5252f08f61d.jpg 0.438542 0.015741 0.030000 0.030000
video2_0165_jpg.rf.ef3e69e7f1bd63fd069f35f13fef6fbc.jpg 0.438542 0.015741 0.030000 0.030000
video2_0166_jpg.rf.f38511081bfa7bfbc1bf958b38f2338b.jpg 0.438542 0.011111 0.030000 0.030000
video2_0167_jpg.rf.61629ac7b8bd11197f0d75a88a5e663a.jpg 0.441146 0.009259 0.030000 0.030000
video2_0168_jpg.rf.6214ded852b35869493af5409cab0aa6.jpg 0.440104 0.006481 0.030000 0.030000
video2_0169_jpg.rf.65c5eab8995fcff8329b05225a5c9f92.jpg NA NA NA NA
video2_0170_jpg.rf.4401cc8dcd47024db7ef6ce6e6dbce10.jpg NA NA NA NA
video2_0171_jpg.rf.94ccf20c3827b05faa09c9dd2799361a.jpg 0.443750 0.004630 0.030000 0.030000
video2_0172_jpg.rf.49c6253f8b54fcf9ebe8ba4595823529.jpg NA NA NA NA
video2_0173_jpg.rf.f5349ac34c3b3719a0a04acd6da31bd1.jpg NA NA NA NA
video2_0174_jpg.rf.5b9d44557f8105812060cdf139e85f16.jpg NA NA NA NA
video2_0175_jpg.rf.af9fabcde7e9e606936868b4c841ee13.jpg NA NA NA NA
video2_0176_jpg.rf.782e211164cc7154608bf5d88b12d34d.jpg 0.447917 0.004630 0.030000 0.030000
video2_0177_jpg.rf.595a3775212ff7d2f36704c242558951.jpg 0.447917 0.006481 0.030000 0.030000
video2_0178_jpg.rf.e50c0429f692cc1abcf5da179ce64d93.jpg 0.448958 0.009259 0.030000 0.030000
video2_0179_jpg.rf.9bc93562be5644d1994f2bf47a9375df.jpg 0.450521 0.011111 0.030000 0.030000
video2_0180_jpg.rf.ee5dc0e3e022fa524a9d3ab1d7886318.jpg 0.451562 0.015741 0.030000 0.030000
video2_0181_jpg.rf.4f6a2ed262b89dbccbabadcef545e7d2.jpg 0.451562 0.025000 0.030000 0.030000
video2_0182_jpg.rf.61b6f88743697212ec16578b8d0cb48d.jpg 0.453125 0.041667 0.030000 0.030000
video2_0183_jpg.rf.37de273a5419c6ce3150c4e064b1fedf.jpg 0.454167 0.043519 0.030000 0.030000
video2_0184_jpg.rf.af89955d91e32ceae4dca6c64dc141e2.jpg 0.459375 0.050926 0.030000 0.030000
video2_0185_jpg.rf.bd6af0e208dbfd58eac0e56e0ded064c.jpg 0.464583 0.055556 0.030000 0.030000
video2_0186_jpg.rf.65bc261fbe081d94362533a451a7eca0.jpg 0.469792 0.069444 0.030000 0.030000
video2_0187_jpg.rf.8c5730341d6dd04a7412954f977eb917.jpg 0.476562 0.078704 0.030000 0.030000
video2_0188_jpg.rf.2677539ad27df242d7b42beb63b75600.jpg 0.482812 0.097222 0.030000 0.030000
video2_0189_jpg.rf.5c239d9c0e8860836c2bf48068543d1e.jpg 0.489583 0.112963 0.030000 0.030000
video2_0190_jpg.rf.f28c07d9cbd45b750a045a4692dbca6d.jpg 0.497396 0.131481 0.030000 0.030000
video2_0191_jpg.rf.e8f6f1c692f07eb1964ebfe159b08500.jpg 0.505208 0.157407 0.030000 0.030000
video3_0005_jpg.rf.c8a47b6d257966bd7622088d21954398.jpg NA NA NA NA
video3_0006_jpg.rf.353dab2718d5d21abc6dc0a5658c4c3e.jpg 0.662500 0.541667 0.030000 0.030000
video3_0007_jpg.rf.a12b1bd9f7fb7c980e4153ae548ba09b.jpg 0.659896 0.501852 0.030000 0.030000
video3_0008_jpg.rf.4cf13202c46c4ae5c78f1d2121a0d117.jpg 0.662500 0.495370 0.030000 0.030000
video3_0009_jpg.rf.eec035412a5cbddc153abb28bc60d260.jpg 0.661458 0.453704 0.030000 0.030000
video3_0010_jpg.rf.5b9ab0577a74dc3f839ffd54ce241c4f.jpg 0.657292 0.413889 0.030000 0.030000
video3_0011_jpg.rf.de8c77a9566be5097423e6f927e5f45c.jpg 0.657292 0.376852 0.030000 0.030000
video3_0012_jpg.rf.4d36e9d76664daaf5f84d99d7346fb6d.jpg 0.654687 0.342593 0.030000 0.030000
video3_0013_jpg.rf.af3fa969577253e2041362bd9ef689eb.jpg 0.652083 0.312037 0.030000 0.030000
video3_0014_jpg.rf.f2518d5ae6e8bd7c200b954e402b83df.jpg 0.652083 0.305556 0.030000 0.030000
video3_0015_jpg.rf.4301a74622c89f709d1c77aea777e4fb.jpg 0.651042 0.275000 0.030000 0.030000
video3_0016_jpg.rf.87ae8e1b673c538964acfb4281e87966.jpg 0.648438 0.251852 0.030000 0.030000
video3_0017_jpg.rf.e554b66e9ab842bea181cf16e82c1489.jpg 0.646875 0.226852 0.030000 0.030000
video3_0018_jpg.rf.439422813c0c5610592503626af4e53b.jpg 0.641667 0.208333 0.030000 0.030000
video3_0019_jpg.rf.631fe826d9a1d28a8c53c6e1430aa426.jpg 0.639062 0.187037 0.030000 0.030000
video3_0020_jpg.rf.8b1c4877571c12c4a8c1923c1e6a7ebb.jpg 0.638021 0.182407 0.030000 0.030000
video3_0021_jpg.rf.22034c17575fc17cd66c220b09980f75.jpg 0.633854 0.171296 0.030000 0.030000
video3_0022_jpg.rf.d7145ece43751b1c666e6fc63d955f8c.jpg 0.633854 0.162037 0.030000 0.030000
video3_0023_jpg.rf.633373830fb9bb6343c0f5b405b43041.jpg 0.631250 0.150000 0.030000 0.030000
video3_0024_jpg.rf.34a4ac81c7ecebaa1c38746237e3a07e.jpg 0.626042 0.143519 0.030000 0.030000
video3_0025_jpg.rf.baedac54dc86d3dbb413c034bbbe32de.jpg 0.473958 0.009259 0.030000 0.030000
video3_0026_jpg.rf.736eced1e70d0518793ce015e26b699d.jpg 0.622396 0.138889 0.030000 0.030000
video3_0027_jpg.rf.1a51f993aed6aef76923795652e5d511.jpg 0.475000 0.013889 0.030000 0.030000
video3_0028_jpg.rf.d5ecbb631691904d80658215fe7b5bb1.jpg 0.613021 0.140741 0.030000 0.030000
video3_0029_jpg.rf.f6638c610d57d8d7e6ada4e735a84f0d.jpg 0.609375 0.148148 0.030000 0.030000
video3_0030_jpg.rf.0308fdf4c9ef5f8d148d9a5b895211c5.jpg 0.606771 0.157407 0.030000 0.030000
video3_0031_jpg.rf.bbc4e9be72ac0e6c909a45fb193cc1cb.jpg 0.477604 0.041667 0.030000 0.030000
video3_0032_jpg.rf.4108a6d251bf1c78a42241fa8a81dc39.jpg 0.601562 0.175926 0.030000 0.030000
video3_0033_jpg.rf.871e83b000d186f3cb7988944b050f9a.jpg 0.598958 0.189815 0.030000 0.030000
video3_0034_jpg.rf.d2836518bd418029194e97847fae11c3.jpg 0.596354 0.205556 0.030000 0.030000
video3_0035_jpg.rf.641065ab4bd0c0874282f6979b32e2fc.jpg 0.591146 0.231481 0.030000 0.030000
video3_0036_jpg.rf.273afa790d7e89f0d11a309d2ba503b0.jpg 0.585938 0.254630 0.030000 0.030000
video3_0037_jpg.rf.f0b4d5a3cd2e67928dcc24f06d5899f0.jpg 0.581771 0.282407 0.030000 0.030000
video3_0038_jpg.rf.ffce935a26be999edd56a948ec3cc7af.jpg NA NA NA NA
video3_0039_jpg.rf.8e64b2f761c67de75d84c80dc7b87eb4.jpg 0.578125 0.316667 0.030000 0.030000
video3_0040_jpg.rf.a80c89760225c53e2bffca1982f85185.jpg 0.573958 0.349074 0.030000 0.030000
video3_0041_jpg.rf.122125063f3e2f808a594f4c75974dd6.jpg 0.570312 0.386111 0.030000 0.030000
video3_0042_jpg.rf.ce8222d2cb7c5a7104e6a584c650eea6.jpg 0.717187 0.662037 0.030000 0.030000
video3_0043_jpg.rf.d7cd758af64358db23288b5d71362012.jpg 0.531250 0.319444 0.030000 0.030000
video3_0044_jpg.rf.2cf86e4f3d8ad771fd6a6f35db7a6835.jpg 0.719792 0.636111 0.030000 0.030000
video3_0045_jpg.rf.44ab391dd0199c907661861f2f90b371.jpg 0.514062 0.291667 0.030000 0.030000
video3_0046_jpg.rf.3c52f420f38dc84130b0b17712fc99cb.jpg 0.501042 0.268519 0.030000 0.030000
video3_0047_jpg.rf.aad5d33213b0f82c1f766c7e1126563c.jpg 0.489583 0.259259 0.030000 0.030000
video3_0048_jpg.rf.9979850d6401f157225e798142d92604.jpg 0.480208 0.245370 0.030000 0.030000
video3_0049_jpg.rf.61df0ae16b67200be941e882f87e61ce.jpg 0.469792 0.240741 0.030000 0.030000
video3_0050_jpg.rf.e682875e0beeb9b360f6fb352d33a250.jpg 0.463542 0.237963 0.030000 0.030000
video3_0051_jpg.rf.46324a1fb41e41d9e9945f501241823f.jpg 0.460938 0.240741 0.030000 0.030000
video3_0052_jpg.rf.7f4c17b0dd090db758804653f34b61e7.jpg 0.454167 0.237963 0.030000 0.030000
video3_0053_jpg.rf.b08100c2c6174a63ff1229e6e9fa2f38.jpg 0.451562 0.240741 0.030000 0.030000
video3_0054_jpg.rf.9413c69013932a9cb061f82704f0bda8.jpg 0.443750 0.245370 0.030000 0.030000
video3_0055_jpg.rf.3262f445c47b3b6871b99da1054ce0d8.jpg 0.438542 0.250000 0.030000 0.030000
video3_0056_jpg.rf.3807267ddbdb5b89f7fabb44553f0a43.jpg 0.435937 0.247222 0.030000 0.030000
video3_0057_jpg.rf.d66649ef3786d32ee2f360cdb307aaa6.jpg 0.433333 0.254630 0.030000 0.030000
video3_0058_jpg.rf.834ea34e7c431d9b68549cc6186f53cb.jpg 0.428125 0.259259 0.030000 0.030000
video3_0059_jpg.rf.4347f6a33aeb95bed8c7627f0b13f9bf.jpg 0.424479 0.265741 0.030000 0.030000
video3_0060_jpg.rf.5477435f52596ed7ffb12d6e12e41a24.jpg 0.420312 0.273148 0.030000 0.030000
video3_0061_jpg.rf.f1593829d172f4aeb96a5c7d69506a8a.jpg 0.416667 0.279630 0.030000 0.030000
video3_0062_jpg.rf.12f5d2728d338c85b5ff41bdf841f333.jpg 0.417708 0.279630 0.030000 0.030000
video3_0063_jpg.rf.db8f0a85ceef7a72f9a3962a9dab120e.jpg 0.414062 0.273148 0.030000 0.030000
video3_0064_jpg.rf.8e26b14b358d940c7f90c86be13efea0.jpg 0.411458 0.265741 0.030000 0.030000
video3_0065_jpg.rf.dae54af7c35edd4865488586aa42b294.jpg NA NA NA NA
video3_0066_jpg.rf.760e497418ef0ae5408d76cc9a8f16e1.jpg NA NA NA NA
video3_0067_jpg.rf.39dc9ade062f8d3511f96cc4d89d32b6.jpg NA NA NA NA
video3_0068_jpg.rf.1de27276a97f547f9a0a5a8b90513ce1.jpg 0.472396 0.099074 0.030000 0.030000
video3_0069_jpg.rf.012978d5ec05bf43112c564b98b07866.jpg 0.472396 0.099074 0.030000 0.030000
video3_0070_jpg.rf.dfe04710181ad4bec94c8eeb31b28c9f.jpg 0.493229 0.222222 0.030000 0.030000
video3_0071_jpg.rf.fa8f8e6deccd70f963bed42e0f49d304.jpg NA NA NA NA
video3_0072_jpg.rf.3ac4d8a2be7a0cdc6f283679fead8555.jpg 0.488021 0.212963 0.030000 0.030000
video3_0073_jpg.rf.dcaa01204ed1762b0179853680fd7edd.jpg 0.485417 0.210185 0.030000 0.030000
video3_0074_jpg.rf.396667a19c02b499120205ad4c4603f3.jpg 0.481771 0.210185 0.030000 0.030000
video3_0075_jpg.rf.4d9cf94a44d3bdc7b7910c5acacf763b.jpg 0.477604 0.205556 0.030000 0.030000
video3_0076_jpg.rf.334de31abe2beb727317453a52a113e9.jpg 0.473958 0.205556 0.030000 0.030000
video3_0077_jpg.rf.5902cb2ce57597d76cfc91bcef7e4fb3.jpg 0.471354 0.203704 0.030000 0.030000
video3_0078_jpg.rf.df78a592bd37d624816fdb36f7b27679.jpg 0.469792 0.210185 0.030000 0.030000
video3_0079_jpg.rf.ebea2e770494916d2fbf74becf5cb319.jpg 0.466146 0.208333 0.030000 0.030000
video3_0080_jpg.rf.79efa9628694f890b78f458a5c0657b1.jpg 0.460938 0.212963 0.030000 0.030000
video3_0081_jpg.rf.11ab42ae457a099741196f050596bccd.jpg 0.454167 0.214815 0.030000 0.030000
video3_0082_jpg.rf.69e6b4ef4f2e32966679e863f7f90fc0.jpg 0.448958 0.224074 0.030000 0.030000
video3_0083_jpg.rf.001d41817886ad083b37bb13c482d62f.jpg 0.447917 0.224074 0.030000 0.030000
video3_0084_jpg.rf.06f115d0ff612298e2d3239ce8b3be86.jpg 0.443750 0.231481 0.030000 0.030000
video3_0085_jpg.rf.6498a1c6e9a229fdab210a92f58754db.jpg 0.437500 0.240741 0.030000 0.030000
video3_0086_jpg.rf.7cad7c482fb10a0698f638d0da754704.jpg 0.430729 0.254630 0.030000 0.030000
video3_0087_jpg.rf.7f1e8238df34fad12da3146dabbab55a.jpg 0.420312 0.265741 0.030000 0.030000
video3_0088_jpg.rf.8bc842cad97f153c0a1c2afa025659a9.jpg 0.412500 0.287037 0.030000 0.030000
video3_0089_jpg.rf.8763c919fad870aa8f7397d2ed34eb7f.jpg 0.404687 0.305556 0.030000 0.030000
video3_0090_jpg.rf.86d77ca5da8db8eafa25a898944378b9.jpg 0.403646 0.305556 0.030000 0.030000
video3_0091_jpg.rf.274e502ffa0f09c392fcf9a26a234406.jpg 0.393229 0.328704 0.030000 0.030000
video3_0092_jpg.rf.39b922d985c98e2ecc19498d71adc83f.jpg 0.385417 0.355556 0.030000 0.030000
video3_0093_jpg.rf.c790d6c654c8c4ca01216b536fbc6973.jpg 0.372396 0.390741 0.030000 0.030000
video3_0094_jpg.rf.7e7b2a1714dfe9ab58dd16887578f9c8.jpg 0.360417 0.430556 0.030000 0.030000
video3_0095_jpg.rf.c443e29d87f1b43bd9838f55fdcc7435.jpg 0.347396 0.469444 0.030000 0.030000
video3_0096_jpg.rf.f5fce14f3c659c34c6c08cf99be5609c.jpg 0.346354 0.469444 0.030000 0.030000
video3_0097_jpg.rf.3a95617ab546536aa4a6128216432603.jpg 0.331771 0.523148 0.030000 0.030000
video3_0098_jpg.rf.f13beb65ec3e2f3bdd3c0d450a42a684.jpg 0.316146 0.578704 0.030000 0.030000
video3_0099_jpg.rf.d01617cf4a5c7a158b51360e34ca092b.jpg 0.299479 0.643519 0.030000 0.030000
video3_0100_jpg.rf.ed04921a648682455f7f855aea3c2e10.jpg 0.277083 0.728704 0.030000 0.030000
video3_0101_jpg.rf.e464aa8d96f59edb1b17bf16a182a276.jpg 0.261458 0.754630 0.030000 0.030000
video3_0102_jpg.rf.c49d7c62572b31a18578c4e42b8f0dfa.jpg 0.257812 0.751852 0.030000 0.030000
video3_0103_jpg.rf.8d5fff88f7ba7ace5f0382db38325bac.jpg 0.243229 0.756481 0.030000 0.030000
video3_0104_jpg.rf.7c6563f9c99a6c1cc9e21aa573cf770d.jpg 0.223958 0.768519 0.030000 0.030000
video3_0105_jpg.rf.42c41451f16e7638408f3789e1bf0267.jpg 0.203125 0.777778 0.030000 0.030000
video3_0106_jpg.rf.afb2ff254dd464aed220c5c59c072b91.jpg 0.177083 0.793519 0.030000 0.030000
video3_0107_jpg.rf.178689484b0040e116268240b530a77e.jpg 0.152083 0.821296 0.030000 0.030000
video3_0108_jpg.rf.412a0cefd0c48e2f5ce94d4491c663c6.jpg 0.151042 0.816667 0.030000 0.030000
video3_0109_jpg.rf.4450ed4f4cca73850bca31005437c4f9.jpg 0.157292 0.784259 0.030000 0.030000
video3_0110_jpg.rf.73e6caa52d7053f489a553420c47095d.jpg 0.203125 0.694444 0.030000 0.030000
video3_0111_jpg.rf.60936c058e24f2f138af331cf2b60ed7.jpg 0.230208 0.622222 0.030000 0.030000
video3_0112_jpg.rf.3cef9ea5414fbb8ad714a9cb15169085.jpg 0.257812 0.566667 0.030000 0.030000
video3_0113_jpg.rf.03a470d34c8191c566f3ee19dadc8d99.jpg 0.281250 0.525000 0.030000 0.030000
video3_0114_jpg.rf.e5d14715d9ff5ed82dfa9196e132a345.jpg 0.283854 0.523148 0.030000 0.030000
video3_0115_jpg.rf.6e0bdb759329c12eec32e8c52fbd3687.jpg 0.296875 0.492593 0.030000 0.030000
video3_0116_jpg.rf.88bbd4fa1d5e73a1ad33f50003b97acf.jpg 0.313542 0.462963 0.030000 0.030000
video3_0117_jpg.rf.8b288c56df2aadf367b70e24463aa54d.jpg 0.325521 0.449074 0.030000 0.030000
video3_0118_jpg.rf.c3a8c6377351472fb02b7d7f725fcbef.jpg 0.338542 0.435185 0.030000 0.030000
video3_0119_jpg.rf.114b126e0099ef3f358d266d03f83dd8.jpg 0.350000 0.421296 0.030000 0.030000
video3_0120_jpg.rf.455cad32119313c97e34618ef00441e7.jpg 0.350000 0.421296 0.030000 0.030000
video3_0121_jpg.rf.73f0b133134242c0f383b9615490f85a.jpg 0.359375 0.416667 0.030000 0.030000
video3_0122_jpg.rf.52ab0904614f7049c50a3feba7920b4f.jpg 0.365625 0.412037 0.030000 0.030000
video3_0123_jpg.rf.2ee17da4a79eb9c52f302307511ac160.jpg 0.372396 0.407407 0.030000 0.030000
video3_0124_jpg.rf.554505cd4472e5a547af52408c0ffc7a.jpg 0.381250 0.404630 0.030000 0.030000
video3_0125_jpg.rf.e996aa1655a2e448d278c8264fbe18e8.jpg 0.383854 0.386111 0.030000 0.030000
video3_0126_jpg.rf.0beb24e0f20a4c9e3d1f8f29e13397e5.jpg 0.386458 0.379630 0.030000 0.030000
video3_0127_jpg.rf.de6c8fa38d27662d92933764824b5c1f.jpg 0.386458 0.361111 0.030000 0.030000
video3_0128_jpg.rf.dcbe298916064b041c2df179a3f725f2.jpg 0.382812 0.344444 0.030000 0.030000
video3_0129_jpg.rf.18db30bcadefa21246dc15e840e2bb67.jpg 0.380208 0.337963 0.030000 0.030000
video3_0130_jpg.rf.b92a9f62240f64d8678b03e2207479ad.jpg 0.382812 0.339815 0.030000 0.030000
video3_0131_jpg.rf.3cba2c5e006476a3a35bb07e8c21911b.jpg 0.187500 0.437037 0.030000 0.030000
video3_0132_jpg.rf.9717fa9985173a53c4afd50b778202c3.jpg NA NA NA NA
video3_0133_jpg.rf.5fc1f29b6074b363d2c586845196c8b9.jpg 0.206771 0.344444 0.030000 0.030000
video3_0134_jpg.rf.6b87624ee317293e67d81844cffa41e4.jpg 0.225000 0.263889 0.030000 0.030000
video3_0135_jpg.rf.94bdc2859bf5abe035b10323a4a9ee96.jpg 0.240625 0.194444 0.030000 0.030000
video3_0136_jpg.rf.1643ad02f261c98866c58daddd4de06e.jpg 0.254688 0.131481 0.030000 0.030000
video3_0137_jpg.rf.f94a77c5076dc82e7f3547c0a1b9ed4c.jpg 0.268229 0.083333 0.030000 0.030000
video3_0138_jpg.rf.76ce87d1b778ef6cc9fee321245ad8d7.jpg NA NA NA NA
video3_0139_jpg.rf.a0eafc23469e7d34a1a11fdafd97d84e.jpg 0.277083 0.043519 0.030000 0.030000
video3_0140_jpg.rf.aa82520d89c3492161c39fe63d942e94.jpg NA NA NA NA
video3_0141_jpg.rf.0cbb34441f1a2f111763cd808232bc7c.jpg NA NA NA NA
video3_0142_jpg.rf.180c93717210fc2057d97c06736e54f7.jpg NA NA NA NA
video3_0143_jpg.rf.61e6c3ca2d31e99224d04f9c418f5947.jpg NA NA NA NA
video3_0144_jpg.rf.1cad3646fe1cb204a0ceddc81e3c3abe.jpg NA NA NA NA
video3_0145_jpg.rf.5773c3c685d1f71f06eaf46bca0baa08.jpg NA NA NA NA
video3_0146_jpg.rf.da95f419b0dba7ce335c425070b44d57.jpg NA NA NA NA
video3_0147_jpg.rf.a8e7cfd723bec2556760cf1292ea883e.jpg NA NA NA NA
video3_0148_jpg.rf.6f3244690aceec08c2e40fa65f2169e6.jpg NA NA NA NA
video3_0149_jpg.rf.6cb6496795996c12398d443e45d9c67d.jpg NA NA NA NA
video3_0150_jpg.rf.a39766f8f9bbbf2569fcb5b58ae85c61.jpg NA NA NA NA
video3_0151_jpg.rf.6780cefc47c697e71eb5103878f90391.jpg NA NA NA NA
video3_0152_jpg.rf.7e322b91072668739a50a0c94a236a97.jpg NA NA NA NA
video3_0153_jpg.rf.f3d3c00a157725aaa1b5e1f97a391578.jpg NA NA NA NA
video3_0154_jpg.rf.8b35a9097a887511d3d23b91abf12121.jpg NA NA NA NA
video3_0155_jpg.rf.3be4149e9e20119225058e97748618a8.jpg NA NA NA NA
video3_0156_jpg.rf.b2771c74def30e7fb9ac5a302779da9c.jpg NA NA NA NA
video3_0157_jpg.rf.927acd3b214eff760c9b1c1a6a56344c.jpg NA NA NA NA
video3_0158_jpg.rf.d44eccf4bda325b56be71707f657a81e.jpg NA NA NA NA
video3_0159_jpg.rf.59211c44215af022e0139c85d98271df.jpg NA NA NA NA
video3_0160_jpg.rf.916ec608efcb459024ebb3be9ca13f2e.jpg NA NA NA NA
video3_0161_jpg.rf.7af228da66b09e35113da28977af3d44.jpg NA NA NA NA
video3_0162_jpg.rf.a3780647612f6bd0d89e1d1b6c7c292b.jpg NA NA NA NA
video3_0163_jpg.rf.0fd259473e22324707e591df6970a2f1.jpg NA NA NA NA
video3_0164_jpg.rf.7131e72208da5a100158de8095e662e7.jpg NA NA NA NA
video3_0165_jpg.rf.514089a38fe56f518ec985e30fb597b5.jpg NA NA NA NA
video3_0166_jpg.rf.44ee27b01a963e28c96337583057cc50.jpg NA NA NA NA
video3_0167_jpg.rf.bdfc9f072859aa14b9903a919961c997.jpg NA NA NA NA
video3_0168_jpg.rf.4a4747e5852fb34ff9473a75d6e9ed09.jpg NA NA NA NA
video3_0169_jpg.rf.51e297338d7e3ec41f8acbb87cefc832.jpg NA NA NA NA
video3_0170_jpg.rf.28e6c4865cd92117be0e3ba579dad433.jpg NA NA NA NA
video3_0171_jpg.rf.ffa862e22a01c1308918b8163379e5a2.jpg NA NA NA NA
video3_0172_jpg.rf.25ae127245425fb69d966145b0449984.jpg 0.450521 0.013889 0.030000 0.030000
video3_0173_jpg.rf.8690d8b8f3b1eb1273d8fa92b8d8971c.jpg 0.451562 0.027778 0.030000 0.030000
video3_0174_jpg.rf.d1cf6af80ae711f3a3c74122cdc356b5.jpg 0.454167 0.027778 0.030000 0.030000
video3_0175_jpg.rf.8a2380c3687b720b4e8002b067dd0c33.jpg 0.455729 0.048148 0.030000 0.030000
video3_0176_jpg.rf.3c3afd86fbf43d643124aa5f0171b0a5.jpg 0.458333 0.062037 0.030000 0.030000
video3_0177_jpg.rf.b79bb50a912e3267d83898defd245827.jpg 0.459375 0.078704 0.030000 0.030000
video3_0178_jpg.rf.d03eade11a382979bee58b84751f29f8.jpg 0.461979 0.097222 0.030000 0.030000
video3_0179_jpg.rf.6656e7aacd0fde7f6cf59819efe9cddc.jpg 0.466146 0.112963 0.030000 0.030000
video3_0180_jpg.rf.408ce1eeb2fe9f634a02829820218cc2.jpg 0.467187 0.117593 0.030000 0.030000
video3_0181_jpg.rf.507073b00a576da0ce6f149210f97df3.jpg 0.468750 0.134259 0.030000 0.030000
video3_0182_jpg.rf.7fa354ba10d644ff647fa18e1ea3b58c.jpg 0.469792 0.150000 0.030000 0.030000
video3_0183_jpg.rf.c2ba9be81ab2000654974a8e86a73b57.jpg 0.471354 0.166667 0.030000 0.030000
video3_0184_jpg.rf.f4ca3c481f1aee723840db7af03eebce.jpg 0.472396 0.182407 0.030000 0.030000
video3_0185_jpg.rf.2b52505e4a2ce594a856c7f3d04cfbd9.jpg 0.475000 0.199074 0.030000 0.030000
video3_0186_jpg.rf.bee1b6ac36e296e068f64156ad854ee6.jpg 0.475000 0.205556 0.030000 0.030000
video3_0187_jpg.rf.6f3ce7ffae70406216eaf1c0a2f6ec6b.jpg 0.476562 0.222222 0.030000 0.030000
video3_0188_jpg.rf.1d569561db3dcd33b30e93cb13ad29ab.jpg 0.476562 0.237963 0.030000 0.030000
video3_0189_jpg.rf.8e4816e35a2d0833959b89e3cf7149fd.jpg 0.480208 0.254630 0.030000 0.030000
video3_0190_jpg.rf.ab1fdb3a273da4d30a2397ffa212b87b.jpg 0.480208 0.254630 0.030000 0.030000
video3_0191_jpg.rf.19cca07853aaeaf74f13705f1acb5114.jpg 0.481771 0.240741 0.030000 0.030000
