video1_0000_jpg.rf.7848a2d03a805425bcc26de68a4e953c.jpg 1 0.590164 0.642708 0.131148 0.502083
video1_0001_jpg.rf.1e867991d958efe7ef290766ba9c3bbf.jpg 1 0.590749 0.642708 0.132319 0.502083
video1_0002_jpg.rf.c57bc2e67f4bc411381f7a3aa14093ed.jpg 1 0.591920 0.644792 0.132319 0.506250
video1_0003_jpg.rf.6cb9210d44595d430d714dc5db2ae1c1.jpg 1 0.593091 0.651042 0.132319 0.506250
video1_0004_jpg.rf.031327cafdc4b47f3c4edf1d7287a29b.jpg 1 0.594848 0.663542 0.133489 0.506250
video1_0005_jpg.rf.022f4e9e27cdf1a3beba48f6c2da19e3.jpg 1 0.596604 0.678125 0.132319 0.497917
video1_0006_jpg.rf.fff9f4111478964db0cdf9f1e3c11066.jpg 1 0.598361 0.692708 0.128806 0.485417
video1_0007_jpg.rf.e5331e5d697651f28a33711cd6fb819b.jpg 1 0.598946 0.703125 0.127635 0.472917
video1_0008_jpg.rf.4e7cfb223057529ac00d8bfa3c16e4e9.jpg 1 0.600117 0.707292 0.125293 0.456250
video1_0009_jpg.rf.d2ad84490ee501adb5ff9bb4b01ff10a.jpg 1 0.602459 0.709375 0.125293 0.447917
video1_0010_jpg.rf.a73c837236c8101c07b18d4cd7220500.jpg 1 0.605386 0.707292 0.126464 0.435417
video1_0011_jpg.rf.ada3eb43db719feacb7418b388086f6f.jpg 1 0.612998 0.707292 0.129977 0.431250
video1_0012_jpg.rf.f3fa9a17063736072d99b22802a378fe.jpg 1 0.628220 0.709375 0.139344 0.435417
video1_0013_jpg.rf.f2a8c50e226eb32e0eec91cbcec23010.jpg 1 0.648712 0.705208 0.145199 0.435417
video1_0013_jpg.rf.f2a8c50e226eb32e0eec91cbcec23010.jpg 2 0.409836 0.359375 0.018735 0.089583
video1_0014_jpg.rf.b83182ebfcacff7bba675b3b8d076730.jpg 1 0.670960 0.704167 0.149883 0.429167
video1_0014_jpg.rf.b83182ebfcacff7bba675b3b8d076730.jpg 2 0.410422 0.359375 0.019906 0.089583
video1_0015_jpg.rf.f04868cf91be103b093f635a59cbcf49.jpg 1 0.702576 0.700000 0.152225 0.425000
video1_0015_jpg.rf.f04868cf91be103b093f635a59cbcf49.jpg 2 0.411593 0.358333 0.019906 0.091667
video1_0016_jpg.rf.62630651ebe15652799b815c87001298.jpg 1 0.725410 0.702083 0.160422 0.433333
video1_0016_jpg.rf.62630651ebe15652799b815c87001298.jpg 2 0.412763 0.357292 0.019906 0.089583
video1_0017_jpg.rf.bd648dd7489d4e526d4aabd3b3d9f64e.jpg 1 0.741218 0.708333 0.189696 0.504167
video1_0017_jpg.rf.bd648dd7489d4e526d4aabd3b3d9f64e.jpg 2 0.413934 0.357292 0.019906 0.089583
video1_0018_jpg.rf.bc7613a81bc621e2f3cca12b5f708308.jpg 1 0.757611 0.712500 0.210773 0.550000
video1_0018_jpg.rf.bc7613a81bc621e2f3cca12b5f708308.jpg 2 0.414520 0.359375 0.018735 0.085417
video1_0019_jpg.rf.1db216c7bbbf9bf7ba2ddf01f147811a.jpg 1 0.778103 0.717708 0.218970 0.560417
video1_0019_jpg.rf.1db216c7bbbf9bf7ba2ddf01f147811a.jpg 2 0.414520 0.358333 0.018735 0.087500
video1_0020_jpg.rf.d58afe6ee0dffabe7e1b10437a1cac8c.jpg 1 0.802693 0.712500 0.228337 0.575000
video1_0020_jpg.rf.d58afe6ee0dffabe7e1b10437a1cac8c.jpg 2 0.415105 0.355208 0.017564 0.085417
video1_0021_jpg.rf.6ed5c39a00b10675a4b1e876d7f85306.jpg 1 0.832553 0.692708 0.213115 0.522917
video1_0021_jpg.rf.6ed5c39a00b10675a4b1e876d7f85306.jpg 2 0.415691 0.355208 0.018735 0.089583
video1_0022_jpg.rf.d761eceb9a27a41f357139d0cff45880.jpg 1 0.868852 0.675000 0.203747 0.491667
video1_0022_jpg.rf.d761eceb9a27a41f357139d0cff45880.jpg 2 0.419789 0.354167 0.019906 0.091667
video1_0023_jpg.rf.900156b556c137bb553f6d7aae1e211d.jpg 1 0.887002 0.667708 0.202576 0.485417
video1_0023_jpg.rf.900156b556c137bb553f6d7aae1e211d.jpg 2 0.419204 0.355208 0.018735 0.089583
video1_0024_jpg.rf.c6538430f9beb69289c6d9d48b15d489.jpg 1 0.889930 0.696875 0.220141 0.543750
video1_0024_jpg.rf.c6538430f9beb69289c6d9d48b15d489.jpg 2 0.419789 0.356250 0.019906 0.087500
video1_0025_jpg.rf.049919f62ede2f4812e87c0609be2a74.jpg 1 0.890515 0.714583 0.218970 0.550000
video1_0025_jpg.rf.049919f62ede2f4812e87c0609be2a74.jpg 2 0.421546 0.354167 0.021077 0.091667
video1_0026_jpg.rf.5776025d06dd3dbd108cdefe62c44d62.jpg 1 0.892857 0.729167 0.214286 0.537500
video1_0026_jpg.rf.5776025d06dd3dbd108cdefe62c44d62.jpg 2 0.423888 0.353125 0.021077 0.093750
video1_0027_jpg.rf.d907657055283ef412e6bab0bb83160f.jpg 1 0.889930 0.697917 0.220141 0.604167
video1_0027_jpg.rf.d907657055283ef412e6bab0bb83160f.jpg 2 0.424473 0.354167 0.022248 0.095833
video1_0028_jpg.rf.280265d8448af3b3e36e6db986a7f8d5.jpg 1 0.893443 0.692708 0.213115 0.614583
video1_0028_jpg.rf.280265d8448af3b3e36e6db986a7f8d5.jpg 2 0.425644 0.354167 0.022248 0.095833
video1_0029_jpg.rf.2c60aebd35d4b811ddb3ffef0dd657cb.jpg 2 0.425644 0.353125 0.022248 0.093750
video1_0030_jpg.rf.410e151e8a57228cc8241b6326146e5b.jpg 2 0.427400 0.347917 0.023419 0.104167
video1_0031_jpg.rf.e878a42f38cff284d5efe51ab7fc7084.jpg 2 0.427986 0.345833 0.024590 0.108333
video1_0032_jpg.rf.891c690175d8dbbd0552919e60fda3c1.jpg 2 0.432084 0.328125 0.032787 0.143750
video1_0033_jpg.rf.6cbf8864e7b30d4bf18c48c8650b67d8.jpg 2 0.432670 0.319792 0.033958 0.160417
video1_0042_jpg.rf.e0c7e4367fe9974cee6b6bfb07fe5421.jpg 7 0.438525 0.356250 0.022248 0.091667
video1_0043_jpg.rf.c7f5d62ccee0b2032c82ba36e833e49e.jpg 7 0.439110 0.356250 0.023419 0.091667
video1_0044_jpg.rf.851b76d160c9f85d651a8aac59985f5f.jpg 7 0.441452 0.356250 0.023419 0.091667
video1_0045_jpg.rf.b1cb5af1e0ce1a16448436c476322d1d.jpg 7 0.441452 0.356250 0.023419 0.091667
video1_0065_jpg.rf.cdb6a4c6eef5f6a70152f60addc8af2d.jpg 8 0.528103 0.358333 0.018735 0.087500
video1_0066_jpg.rf.3d794cbe70aef51c060f9e3cbc87d5e3.jpg 8 0.528689 0.358333 0.017564 0.087500
video1_0067_jpg.rf.0d312abbd725f8fcbf5587e777e593c0.jpg 8 0.528689 0.358333 0.017564 0.087500
video1_0069_jpg.rf.7a8ca97770be8f799a65f839c7c574ad.jpg 8 0.529859 0.358333 0.017564 0.087500
video1_0069_jpg.rf.7a8ca97770be8f799a65f839c7c574ad.jpg 10 0.013466 0.635417 0.019906 0.320833
video1_0070_jpg.rf.f56e8e0660900b0ae2f9822658c16787.jpg 8 0.530445 0.358333 0.018735 0.087500
video1_0070_jpg.rf.f56e8e0660900b0ae2f9822658c16787.jpg 10 0.012881 0.631250 0.021077 0.329167
video1_0072_jpg.rf.512d7dc1c512b75f262c762ec65364f5.jpg 8 0.530445 0.358333 0.018735 0.087500
video1_0072_jpg.rf.512d7dc1c512b75f262c762ec65364f5.jpg 10 0.012881 0.605208 0.023419 0.377083
video1_0073_jpg.rf.6861241c2d0edd08d8b7a38e5cb0a25c.jpg 8 0.531030 0.359375 0.017564 0.085417
video1_0073_jpg.rf.6861241c2d0edd08d8b7a38e5cb0a25c.jpg 10 0.013466 0.597917 0.024590 0.387500
video1_0074_jpg.rf.7b0aa89fad7f513c128c0e0eb056de43.jpg 8 0.532201 0.361458 0.017564 0.081250
video1_0074_jpg.rf.7b0aa89fad7f513c128c0e0eb056de43.jpg 10 0.012881 0.603125 0.023419 0.368750
video1_0076_jpg.rf.5731e4eb18136e91e85513c5c2bb55f5.jpg 8 0.534543 0.362500 0.017564 0.079167
video1_0076_jpg.rf.5731e4eb18136e91e85513c5c2bb55f5.jpg 10 0.014052 0.615625 0.023419 0.352083
video1_0077_jpg.rf.2d15b842bb2301d39c186594af94a6ba.jpg 8 0.535714 0.362500 0.017564 0.079167
video1_0077_jpg.rf.2d15b842bb2301d39c186594af94a6ba.jpg 10 0.016393 0.614583 0.023419 0.354167
video1_0078_jpg.rf.f54d558a52c8574e08087494e574d49b.jpg 8 0.538056 0.363542 0.017564 0.081250
video1_0078_jpg.rf.f54d558a52c8574e08087494e574d49b.jpg 10 0.020492 0.614583 0.024590 0.354167
video1_0079_jpg.rf.c9a2ba4b3b240971580d2f3e557a238d.jpg 8 0.538642 0.363542 0.018735 0.081250
video1_0079_jpg.rf.c9a2ba4b3b240971580d2f3e557a238d.jpg 10 0.024590 0.609375 0.028103 0.372917
video1_0080_jpg.rf.89c9c631a2bbace6a9a318587a2cc6c7.jpg 8 0.539813 0.362500 0.018735 0.079167
video1_0081_jpg.rf.57d1c0fbccacaf0881bf897d5778f60d.jpg 8 0.540984 0.362500 0.018735 0.079167
video1_0082_jpg.rf.c662e28fd2eff8d79d86dff8a7504eac.jpg 8 0.542740 0.364583 0.017564 0.079167
video1_0082_jpg.rf.c662e28fd2eff8d79d86dff8a7504eac.jpg 10 0.027518 0.617708 0.031616 0.381250
video1_0083_jpg.rf.174e87230cc2c39b3dda0e61de2a9d00.jpg 8 0.543911 0.365625 0.017564 0.077083
video1_0083_jpg.rf.174e87230cc2c39b3dda0e61de2a9d00.jpg 19 0.056792 0.619792 0.080796 0.377083
video1_0084_jpg.rf.3057e1d71abff20886f38edc0b9f768b.jpg 8 0.544496 0.365625 0.018735 0.077083
video1_0084_jpg.rf.3057e1d71abff20886f38edc0b9f768b.jpg 19 0.062061 0.626042 0.081967 0.377083
video1_0085_jpg.rf.2a3b186a5d9b6b5729081eeb75694ae5.jpg 8 0.545082 0.364583 0.017564 0.075000
video1_0085_jpg.rf.2a3b186a5d9b6b5729081eeb75694ae5.jpg 19 0.049766 0.633333 0.083138 0.383333
video1_0086_jpg.rf.b4fd628fdedbdc12ddb60911a432b34d.jpg 8 0.545082 0.365625 0.017564 0.072917
video1_0086_jpg.rf.b4fd628fdedbdc12ddb60911a432b34d.jpg 19 0.051522 0.634375 0.084309 0.385417
video1_0087_jpg.rf.0d9d1acf2502efdd686b9dd031de7ffa.jpg 8 0.545667 0.365625 0.018735 0.072917
video1_0087_jpg.rf.0d9d1acf2502efdd686b9dd031de7ffa.jpg 19 0.050937 0.634375 0.085480 0.381250
video1_0088_jpg.rf.69fd9484dffb525f0bcac6ef009d9861.jpg 8 0.545667 0.365625 0.018735 0.072917
video1_0088_jpg.rf.69fd9484dffb525f0bcac6ef009d9861.jpg 19 0.055621 0.634375 0.087822 0.385417
video1_0089_jpg.rf.ad3eb6737829328891b0254dff0c85b1.jpg 8 0.545667 0.365625 0.018735 0.072917
video1_0089_jpg.rf.ad3eb6737829328891b0254dff0c85b1.jpg 19 0.065574 0.632292 0.088993 0.389583
video1_0090_jpg.rf.c36b13c5960602464dc8330089a69165.jpg 8 0.545667 0.364583 0.018735 0.075000
video1_0090_jpg.rf.c36b13c5960602464dc8330089a69165.jpg 19 0.086651 0.627083 0.091335 0.395833
video1_0091_jpg.rf.eae3db24241f2c1e6297bd674510f0eb.jpg 8 0.545667 0.364583 0.018735 0.075000
video1_0091_jpg.rf.eae3db24241f2c1e6297bd674510f0eb.jpg 19 0.100117 0.626042 0.094848 0.406250
video1_0092_jpg.rf.b16b460b778a13a076af15c106679f15.jpg 8 0.547424 0.364583 0.019906 0.075000
video1_0092_jpg.rf.b16b460b778a13a076af15c106679f15.jpg 19 0.111241 0.626042 0.096019 0.410417
video1_0093_jpg.rf.27c40193bd7f5c16a5635d480e61bddf.jpg 8 0.548595 0.364583 0.019906 0.075000
video1_0093_jpg.rf.27c40193bd7f5c16a5635d480e61bddf.jpg 19 0.122365 0.630208 0.097190 0.410417
video1_0094_jpg.rf.6b521b018faf5edd325a4004cb994b4d.jpg 8 0.548009 0.363542 0.021077 0.077083
video1_0094_jpg.rf.6b521b018faf5edd325a4004cb994b4d.jpg 19 0.128220 0.636458 0.097190 0.410417
video1_0095_jpg.rf.cac47998396e8d558f097e3a3039e8cc.jpg 8 0.548009 0.361458 0.021077 0.077083
video1_0095_jpg.rf.cac47998396e8d558f097e3a3039e8cc.jpg 19 0.136417 0.644792 0.099532 0.414583
video1_0096_jpg.rf.1ee0b6d9b448947875a9320810f6cedc.jpg 8 0.548595 0.360417 0.022248 0.079167
video1_0096_jpg.rf.1ee0b6d9b448947875a9320810f6cedc.jpg 19 0.141686 0.652083 0.100703 0.412500
video1_0097_jpg.rf.d9908e6a3ed6a8f2ff7d4cd935d41011.jpg 8 0.548009 0.359375 0.023419 0.085417
video1_0097_jpg.rf.d9908e6a3ed6a8f2ff7d4cd935d41011.jpg 19 0.146956 0.659375 0.104215 0.414583
video1_0098_jpg.rf.06aab955d731bf29636a9b0b06612c99.jpg 8 0.548009 0.357292 0.025761 0.089583
video1_0098_jpg.rf.06aab955d731bf29636a9b0b06612c99.jpg 19 0.159251 0.666667 0.107728 0.416667
video1_0099_jpg.rf.c46b433145c29185a93dd30c587739f1.jpg 8 0.547424 0.357292 0.024590 0.089583
video1_0099_jpg.rf.c46b433145c29185a93dd30c587739f1.jpg 19 0.173302 0.671875 0.110070 0.414583
video1_0100_jpg.rf.afe106f5d79b4cf63950861c6e800c5a.jpg 8 0.546838 0.356250 0.025761 0.091667
video1_0100_jpg.rf.afe106f5d79b4cf63950861c6e800c5a.jpg 19 0.196136 0.673958 0.106557 0.406250
video1_0101_jpg.rf.9dc214a2a70339074e7c4b01edefd604.jpg 8 0.545667 0.355208 0.025761 0.093750
video1_0101_jpg.rf.9dc214a2a70339074e7c4b01edefd604.jpg 19 0.216628 0.673958 0.105386 0.406250
video1_0102_jpg.rf.6d90a8f2d35c632837b8acc05b905c16.jpg 8 0.545082 0.356250 0.024590 0.091667
video1_0102_jpg.rf.6d90a8f2d35c632837b8acc05b905c16.jpg 19 0.235363 0.671875 0.103044 0.406250
video1_0103_jpg.rf.efbf3f64a30ed00691fc8239c58c3f19.jpg 8 0.543326 0.356250 0.025761 0.091667
video1_0103_jpg.rf.efbf3f64a30ed00691fc8239c58c3f19.jpg 19 0.247658 0.669792 0.104215 0.410417
video1_0104_jpg.rf.f028c2b0127bc66ab0b17c902c4edf17.jpg 8 0.543326 0.360417 0.025761 0.087500
video1_0104_jpg.rf.f028c2b0127bc66ab0b17c902c4edf17.jpg 19 0.258197 0.666667 0.104215 0.412500
video1_0105_jpg.rf.88d3dbd499dae08cb467832b4f70cb33.jpg 8 0.540984 0.362500 0.023419 0.083333
video1_0105_jpg.rf.88d3dbd499dae08cb467832b4f70cb33.jpg 19 0.276932 0.661458 0.106557 0.410417
video1_0106_jpg.rf.2453d5bf6d753b95dbbbcdc3fec08569.jpg 8 0.540398 0.363542 0.024590 0.081250
video1_0106_jpg.rf.2453d5bf6d753b95dbbbcdc3fec08569.jpg 19 0.290984 0.654167 0.106557 0.400000
video1_0107_jpg.rf.c419137c4d5cc8c1360bb7c5e0485e91.jpg 8 0.539813 0.362500 0.023419 0.079167
video1_0107_jpg.rf.c419137c4d5cc8c1360bb7c5e0485e91.jpg 19 0.302693 0.648958 0.104215 0.385417
video1_0108_jpg.rf.fc6e8b3c505edf7271a8d8372ab80df0.jpg 8 0.539227 0.362500 0.024590 0.079167
video1_0108_jpg.rf.fc6e8b3c505edf7271a8d8372ab80df0.jpg 19 0.322600 0.643750 0.101874 0.375000
video1_0109_jpg.rf.7139cfc53f8b7baf7d6294220515c4b8.jpg 8 0.539227 0.362500 0.024590 0.079167
video1_0109_jpg.rf.7139cfc53f8b7baf7d6294220515c4b8.jpg 19 0.340164 0.638542 0.101874 0.377083
video1_0110_jpg.rf.0bc59b781c83ccd3ce2b72043816c738.jpg 8 0.536885 0.361458 0.024590 0.081250
video1_0110_jpg.rf.0bc59b781c83ccd3ce2b72043816c738.jpg 19 0.355972 0.634375 0.103044 0.381250
video1_0111_jpg.rf.00d64ec2cc0d6ed04099a662d451e752.jpg 8 0.535714 0.360417 0.024590 0.083333
video1_0111_jpg.rf.00d64ec2cc0d6ed04099a662d451e752.jpg 19 0.368267 0.622917 0.101874 0.370833
video1_0112_jpg.rf.6244445346e551f00ce82f2b7765b0ec.jpg 8 0.533958 0.361458 0.023419 0.081250
video1_0112_jpg.rf.6244445346e551f00ce82f2b7765b0ec.jpg 19 0.378806 0.615625 0.099532 0.360417
video1_0113_jpg.rf.20aac10603970c5fc19fd00d7d565cda.jpg 8 0.532787 0.361458 0.023419 0.081250
video1_0113_jpg.rf.20aac10603970c5fc19fd00d7d565cda.jpg 19 0.387002 0.611458 0.099532 0.352083
video1_0114_jpg.rf.62dbb3585105dbf8fc15ec424f76ae70.jpg 8 0.531616 0.361458 0.023419 0.081250
video1_0114_jpg.rf.62dbb3585105dbf8fc15ec424f76ae70.jpg 19 0.396370 0.606250 0.101874 0.358333
video1_0116_jpg.rf.2620ae06138cd7fe3c7774332304fe79.jpg 8 0.530445 0.360417 0.023419 0.083333
video1_0116_jpg.rf.2620ae06138cd7fe3c7774332304fe79.jpg 19 0.405152 0.592708 0.105386 0.377083
video1_0117_jpg.rf.92272f4697ba1e8589158d3d5e2f6bd5.jpg 8 0.527518 0.359375 0.022248 0.081250
video1_0117_jpg.rf.92272f4697ba1e8589158d3d5e2f6bd5.jpg 19 0.409251 0.600000 0.099532 0.354167
video1_0118_jpg.rf.73c1a0a41ce9d6c59c5c2bb5eda44354.jpg 8 0.526347 0.360417 0.022248 0.083333
video1_0118_jpg.rf.73c1a0a41ce9d6c59c5c2bb5eda44354.jpg 19 0.412178 0.602083 0.096019 0.345833
video1_0119_jpg.rf.a05f44601549fa586edaa2683b981fbd.jpg 8 0.524590 0.360417 0.021077 0.079167
video1_0119_jpg.rf.a05f44601549fa586edaa2683b981fbd.jpg 19 0.416276 0.605208 0.094848 0.335417
video1_0121_jpg.rf.da261660b8c9ea4d26659fb046232612.jpg 8 0.523419 0.360417 0.021077 0.079167
video1_0121_jpg.rf.da261660b8c9ea4d26659fb046232612.jpg 19 0.421546 0.590625 0.105386 0.377083
video1_0124_jpg.rf.44de0dc5a4e66c37176b79b384c3b496.jpg 8 0.522248 0.358333 0.023419 0.083333
video1_0124_jpg.rf.44de0dc5a4e66c37176b79b384c3b496.jpg 19 0.423888 0.601042 0.100703 0.356250
video2_0001_jpg.rf.1d9b159afa41361c25faaad4bad6da97.jpg 23 0.452344 0.124074 0.021354 0.116667
video2_0001_jpg.rf.1d9b159afa41361c25faaad4bad6da97.jpg 24 0.896094 0.780556 0.141146 0.414815
video2_0012_jpg.rf.c104e1a5b26024e308069ce32fc825e0.jpg 23 0.454167 0.128704 0.018750 0.101852
video2_0012_jpg.rf.c104e1a5b26024e308069ce32fc825e0.jpg 24 0.894010 0.772685 0.134896 0.395370
video2_0019_jpg.rf.95520d33d223bdbcc3ff98059fd53244.jpg 23 0.458333 0.130556 0.017708 0.092593
video2_0019_jpg.rf.95520d33d223bdbcc3ff98059fd53244.jpg 24 0.902344 0.778241 0.135937 0.399074
video2_0020_jpg.rf.0738b5f5aee8080996a3f3fea78c7934.jpg 23 0.457813 0.132870 0.017708 0.089815
video2_0020_jpg.rf.0738b5f5aee8080996a3f3fea78c7934.jpg 24 0.906250 0.781944 0.138542 0.404630
video2_0020_jpg.rf.0738b5f5aee8080996a3f3fea78c7934.jpg 25 0.452604 0.136111 0.021875 0.088889
